2
  0.155352    1.24672 -0.0266806 -0.0713646
  -0.75537  0.0374269  -0.112924  -0.236939
 -0.332977  -0.918009    0.43934   0.521564
         0          0          0          1
3
  0.145505    1.20025 -0.0480101 -0.0417285
 -0.748798  0.0732609   -0.09305  -0.261427
 -0.334087  -0.768306   0.452492   0.476213
         0          0          0          1
4
  0.143918     1.2056 -0.0446818 -0.0490363
  -0.74103  0.0756864  -0.101158  -0.251395
 -0.268005  -0.823512    0.50074   0.449112
         0          0          0          1
5
   0.14243    1.20646 -0.0431942 -0.0521529
 -0.739699  0.0723447  -0.107208  -0.243728
 -0.205803  -0.863762     0.5383   0.430609
         0          0          0          1
6
  0.141971     1.2082 -0.0422817 -0.0545378
 -0.738278  0.0677619  -0.110251  -0.238429
 -0.166964  -0.867341   0.561398    0.41191
         0          0          0          1
7
  0.142014    1.20963 -0.0421736 -0.0555088
 -0.736903  0.0638941  -0.111422  -0.235582
  -0.13945  -0.863166   0.574281   0.399636
         0          0          0          1
8
  0.142227    1.20547 -0.0434322 -0.0535931
  -0.73291  0.0726597  -0.109316  -0.240048
 -0.107594   -0.83612   0.594167   0.370971
         0          0          0          1
9
  0.143186    1.20324 -0.0446623 -0.0519627
 -0.731429  0.0776491  -0.108954  -0.242209
 -0.080493  -0.841901   0.606858   0.360584
         0          0          0          1
10
   0.14394    1.20017 -0.0457282 -0.0504069
  -0.73036  0.0820485  -0.109237  -0.243388
-0.0568927  -0.855546   0.618062   0.352768
         0          0          0          1
11
  0.145185    1.19813 -0.0463419 -0.0496865
 -0.731115  0.0827869   -0.11223  -0.241076
-0.0357152  -0.907454   0.621399   0.362442
         0          0          0          1
12
  0.145689    1.19865 -0.0468809 -0.0496103
 -0.731822  0.0830561  -0.115336  -0.238698
-0.0154084  -0.961185   0.623146   0.376161
         0          0          0          1
13
   0.145582     1.19984  -0.0469725  -0.0501695
  -0.732094   0.0831499   -0.118389   -0.236202
0.000660351    -1.01155    0.623377    0.390103
          0           0           0           1
14
  0.144419    1.20281 -0.0466581 -0.0515155
  -0.73175  0.0832913  -0.121126  -0.234154
 0.0154552   -1.05102   0.623662    0.40152
         0          0          0          1
15
  0.134454     1.2308 -0.0411162 -0.0650462
 -0.724695  0.0707045  -0.124174  -0.226681
0.00873049   -1.02498   0.626988   0.394443
         0          0          0          1
16
   0.131008     1.24626   -0.040321  -0.0706308
  -0.722939   0.0669821   -0.122659    -0.22569
8.40761e-05   -0.999618    0.604526    0.409023
          0           0           0           1
17
  0.128806    1.25731 -0.0409367 -0.0736878
 -0.721903  0.0649533  -0.120207  -0.226212
-0.0108725  -0.965584   0.584446    0.41807
         0          0          0          1
18
  0.127758    1.26521 -0.0426097 -0.0747903
 -0.721626   0.063912  -0.117315  -0.227648
-0.0224812  -0.932269   0.563647   0.427642
         0          0          0          1
19
  0.128781    1.26787 -0.0465239 -0.0722926
 -0.722607   0.065022  -0.113454  -0.231168
-0.0334138  -0.896361    0.53815   0.441951
         0          0          0          1
20
  0.129858    1.26872 -0.0499719 -0.0698561
 -0.723481   0.066821  -0.110099  -0.234576
-0.0429873  -0.863019   0.515569   0.454197
         0          0          0          1
21
  0.131305    1.26882 -0.0535249 -0.0668948
 -0.724031  0.0682559   -0.10671  -0.238036
-0.0524502  -0.830325   0.491946   0.467505
         0          0          0          1
22
  0.132915    1.26854  -0.057195 -0.0636089
 -0.724223  0.0694041  -0.103322  -0.241468
-0.0630504  -0.798297   0.465966   0.482323
         0          0          0          1
23
   0.13494    1.26732 -0.0602583  -0.060391
 -0.724009  0.0703793  -0.100021  -0.244747
-0.0749552  -0.766999   0.439609   0.497204
         0          0          0          1
24
  0.138347    1.26442 -0.0624081 -0.0566845
 -0.722377   0.070943 -0.0964824  -0.248145
-0.0888736  -0.728125   0.411145   0.510676
         0          0          0          1
25
  0.142381    1.26062 -0.0636287 -0.0532949
  -0.72068  0.0714146 -0.0933818  -0.251127
 -0.101649  -0.690786   0.384326   0.523007
         0          0          0          1
26
   0.14204    1.26031 -0.0600048 -0.0587393
 -0.734832   0.094817  -0.108516  -0.245898
-0.0922682  -0.687425   0.428715   0.479244
         0          0          0          1
27
   0.15951    1.24647 -0.0452163 -0.0681502
 -0.730619  0.0931454  -0.108165  -0.244432
-0.0690017  -0.687452   0.465321   0.444529
         0          0          0          1
28
  0.164205    1.24439 -0.0363341 -0.0754227
 -0.715189   0.081917 -0.0991252  -0.246224
-0.0571649  -0.680333   0.495896   0.414755
         0          0          0          1
29
  0.170775     1.2397 -0.0333176  -0.073381
 -0.721864   0.087104  -0.102009  -0.247102
-0.0449688  -0.659964   0.472788   0.433793
         0          0          0          1
30
  0.178086    1.23479 -0.0317899 -0.0692837
 -0.725052  0.0912255   -0.10334  -0.248032
 -0.036225  -0.640516   0.446757   0.454949
         0          0          0          1
31
  0.185004    1.23058 -0.0309066 -0.0648178
 -0.727153    0.09479  -0.104337  -0.248771
-0.0288672  -0.620689   0.421995   0.474688
         0          0          0          1
32
  0.191717    1.22735 -0.0308502 -0.0598264
  -0.72752   0.097256  -0.104817  -0.249185
-0.0303439  -0.595287    0.39068   0.497027
         0          0          0          1
33
  0.197676    1.22417 -0.0312193 -0.0549359
 -0.726761  0.0990451  -0.104921  -0.249365
 -0.031689  -0.572614   0.363211   0.515105
         0          0          0          1
34
  0.193197    1.22804 -0.0174277 -0.0677872
 -0.725755   0.099188 -0.0996597  -0.253228
-0.0252345  -0.559508   0.415562   0.472987
         0          0          0          1
35
  0.177216    1.23603 0.00543953 -0.0934148
  -0.73334   0.102368 -0.0848586  -0.268742
-0.0146264  -0.545471   0.440161   0.455067
         0          0          0          1
36
  0.167115    1.24202  0.0175913  -0.107775
 -0.737856   0.104678 -0.0762447  -0.277911
 0.0101333  -0.537049   0.440806   0.463478
         0          0          0          1
37
   0.14515      1.254  0.0329524  -0.131691
 -0.747027   0.110317 -0.0688284  -0.289303
 0.0318768   -0.52739   0.443753   0.469003
         0          0          0          1
38
  0.181789    1.24373  0.0054245 -0.0903553
 -0.709888  0.0993758 -0.0941769  -0.250181
 0.0103954  -0.506337   0.473079   0.432589
         0          0          0          1
39
   0.189266      1.2431 -0.00189177  -0.0802647
  -0.698217   0.0968985   -0.102508   -0.237745
  0.0197528   -0.497385    0.481321    0.429842
          0           0           0           1
40
  0.204449    1.23976 -0.0127585 -0.0633303
 -0.674232  0.0909123  -0.116447   -0.21455
 0.0167255  -0.485215   0.493832   0.417142
         0          0          0          1
41
   0.19477     1.2377 -0.0188938 -0.0614146
 -0.675171  0.0920229  -0.117066  -0.214023
 0.0130642   -0.48771    0.48152   0.430951
         0          0          0          1
42
  0.186673    1.23745 -0.0234192 -0.0601852
 -0.675666  0.0940683  -0.117608   -0.21311
0.00604623  -0.476204   0.469249   0.420778
         0          0          0          1
43
   0.179878     1.23664  -0.0264819  -0.0600558
  -0.675726    0.095337   -0.119317   -0.210686
-0.00748631   -0.450281    0.464991    0.423324
          0           0           0           1
